 .
00
00
00
00
00
00
00
A
010
101
101
111
101
101
101
B
110
101
101
110
101
101
110
C
011
100
100
100
100
100
011
D
110
101
101
101
101
101
110
E
111
100
100
111
100
100
111
F
111
100
100
111
100
100
100
G
0111
1000
1000
1011
1001
1001
0110
H
1001
1001
1001
1111
1001
1001
1001
I
111
010
010
010
010
010
111
J
0111
0010
0010
1010
1010
1010
0100
K
10001
10010
10100
11000
10100
10010
10001
L
100
100
100
100
100
100
111
M
11011
10101
10101
10001
10001
10001
10001
N
11001
10101
10101
10101
10101
10101
10011
O
0110
1001
1001
1001
1001
1001
0110
P
1110
1001
1001
1110
1000
1000
1000
Q
01100
10010
10010
10010
10010
10110
01101
R
1110
1001
1001
1110
1010
1001
1001
S
0111
1000
1000
0110
0001
0001
1110
T
11111
00100
00100
00100
00100
00100
00100
U
10010
10010
10010
10010
10010
10010
01100
V
10001
10001
10001
01010
01010
01010
00100
W
1000001
1000001
1000001
1001001
1001001
1001001
0110110
X
10001
01010
01010
00100
01010
01010
10001
Y
10001
10001
01010
01010
00100
00100
00100
Z
11111
00001
00010
00100
01000
10000
11111